ADEs:[[0.3094266990379051, 0.536318992332176, 0.5594836877893519, 0.8198040545428241], [0.810657005305735, 0.6805322935261532, 0.8487638066877763, 1.0372019065935623], [1.1957681365576103, 1.4176221143018017, 0.6557619039681128, 0.8590981915303462], [0.9847917492262983, 1.2902071303215579, 1.0255117517738526, 0.7169765011699879]]
Average_ADE:[0.3094266990379051, 0.6084256429291646, 0.6880031328150803, 0.8582701634591802]
FDEs:[[0.5573405287000868, 0.9808026123046875, 1.1141746690538195, 1.8989114040798611], [1.6853921391533493, 1.4071066920265216, 1.8234010739863142, 2.3428504733721525], [2.4395217483108107, 2.957483552631579, 1.4576919230085348, 1.8972260346283785], [2.085210385529891, 2.6960551828577897, 2.262493277287138, 1.458057082908741]]
Average_FDE:[0.5573405287000868, 1.1939546521656046, 1.4650892220162228, 1.8992612487472833]