ADEs:[[0.35291820384837963, 0.4433109537760417, 0.5434578450520834, 0.8069435402199074], [0.9040639411020911, 0.6188561124865408, 0.8480656690963958, 0.9817153807874306], [1.1844963178639165, 1.1144061722083927, 0.6484107822872214, 0.8437438878022759], [1.0703560207201086, 1.0043899314990943, 1.021355228147645, 0.7295545200218901]]
Average_ADE:[0.35291820384837963, 0.5310835331312913, 0.6799780988119002, 0.840489332207876]
FDEs:[[0.6299340142144098, 0.8883405219184027, 1.066468505859375, 1.6993880208333334], [1.8868859377656408, 1.3295239315921454, 1.8314705815942707, 2.149101104269381], [2.445866209548364, 2.4507454102951636, 1.458897831836771, 1.8665794752400426], [2.301908542798913, 2.1642417133718297, 2.246876415307971, 1.5438221807065218]]
Average_FDE:[0.6299340142144098, 1.1089322267552741, 1.4522789730968055, 1.8147226952623199]