ADEs:[[0.2910762984664352, 0.4056634747540509, 0.3826017252604167, 0.49309841579861113], [0.6883993052603989, 0.5659077858473591, 0.5982666707398278, 0.6211135070447977], [0.8809505949205785, 1.0746437329599337, 0.6025058621532717, 0.6731688411273116], [0.9554745291742149, 1.051595759737319, 0.7262076115262681, 0.7477563240677838]]
Average_ADE:[0.2910762984664352, 0.485785630300705, 0.5277914193845054, 0.6337842720096261]
FDEs:[[0.49971961127387154, 0.8124580213758681, 0.7438753255208334, 1.0046669514973958], [1.5284169393913636, 1.227651959898844, 1.3307159953034682, 1.3712595265481553], [2.007968361041963, 2.384583370376956, 1.3566074246532718, 1.535928748444168], [2.1911518483922103, 2.305030358355978, 1.6177023182744565, 1.6247340990149457]]
Average_FDE:[0.49971961127387154, 1.0200549906373562, 1.143732915159191, 1.3841473313761663]