ADEs:[[0.3280950701678241, 0.44304931640625, 0.5526858181423611, 0.8708098234953704], [0.8291442310757395, 0.5860560422687862, 0.9515505240210246, 1.1634078057704296], [1.1776596394914651, 1.2511640958392602, 0.6701314955992176, 0.8315335689307729], [1.0205133557895532, 1.1231425262303745, 1.005981327370169, 0.7882660354393116]]
Average_ADE:[0.3280950701678241, 0.5145526793375181, 0.7247892792542011, 0.9135043084089711]
FDEs:[[0.5900127495659723, 0.8681220838758681, 1.0962117513020833, 1.7921180555555556], [1.7324295121769806, 1.266124072913125, 2.019906633851156, 2.368099810598011], [2.42565483863798, 2.714387557788051, 1.5114531472261736, 1.825948224128734], [2.1714364314424817, 2.385911847543025, 2.231318111696105, 1.6788767054461051]]
Average_FDE:[0.5900127495659723, 1.0671230783944965, 1.542523844126471, 1.9162606989321012]