ADEs:[[0.2910762984664352, 0.46792399088541664, 0.4390938765914352, 1.377037669994213], [0.6883993052603989, 0.5823142129413181, 0.6152393004257338, 1.1145810089751218], [0.8809505949205785, 1.1455951428402087, 0.6150062325894974, 0.8214034346846847], [0.9554745291742149, 1.0717634265549516, 0.7698746980676329, 0.6378791256227355]]
Average_ADE:[0.2910762984664352, 0.5251191019133674, 0.5564464698688888, 0.9877253098191888]
FDEs:[[0.49971961127387154, 0.9518950059678819, 0.7896180555555555, 2.9238148328993057], [1.5284169393913636, 1.2695128211598945, 1.3412841879887794, 2.4021352218633116], [2.007968361041963, 2.5165698902027027, 1.3975615109352775, 1.7961627900515647], [2.1911518483922103, 2.357027534816576, 1.715801913496377, 1.344260306980299]]
Average_FDE:[0.49971961127387154, 1.110703913563888, 1.1761545848265376, 2.11659328794862]