ADEs:[[0.2755427155671296, 0.46023731372974536, 0.5126699037905093, 0.7944849537037038], [0.6923937701887113, 0.5738858133571347, 0.7178016065078489, 0.877962560566134], [0.8850587326635846, 1.0753152412280702, 0.6089467757230915, 0.7467668326220958], [0.9873615357035024, 1.0498122358091788, 0.903779167138436, 0.6205556381151872]]
Average_ADE:[0.2755427155671296, 0.51706156354344, 0.6131394286738165, 0.7599424962517802]
FDEs:[[0.47848487006293405, 0.9089821370442709, 0.9216630045572917, 1.6989063856336806], [1.534859396251275, 1.253444947907812, 1.564363139132098, 1.9319132390130909], [1.9808474284317212, 2.4077583237019913, 1.3841538495732575, 1.6837314133623755], [2.2264291072237317, 2.327662725033967, 2.026310398267663, 1.3258480348448822]]
Average_FDE:[0.47848487006293405, 1.0812135424760414, 1.2900599977542158, 1.6600997682135072]