ADEs:[[0.31241893627025463, 0.562481056495949, 0.5832515462239584], [0.8157980429346594, 0.600137391707044, 0.8188619897923042], [1.1906976055002372, 1.209781553757705, 0.6777451639550734]]
Average_ADE:[0.31241893627025463, 0.5813092241014965, 0.6932862333237786]
FDEs:[[0.5682360161675347, 1.113498060438368, 1.1902473958333333], [1.6982949836365182, 1.295950818572552, 1.790737034065794], [2.429221028182788, 2.6325782916963014, 1.496813739109175]]
Average_FDE:[0.5682360161675347, 1.20472443950546, 1.492599389669434]