ADEs:[[0.3076305474175347]]
Average_ADE:[0.3076305474175347]
FDEs:[[0.5515648057725695]]
Average_FDE:[0.5515648057725695]