ADEs:[[0.31098026982060184]]
Average_ADE:[0.31098026982060184]
FDEs:[[0.5704517279730903]]
Average_FDE:[0.5704517279730903]