ADEs:[[0.2841379575376157, 0.48592429832175926, 0.5399786603009259, 2.089441731770833], [0.6791574356440553, 0.5633785520620821, 0.7127055064710133, 1.2201943119191319], [0.8773889432195353, 1.0816241405879563, 0.6119975032598388, 0.8818243613679468], [0.9523320147380737, 1.0690032221844807, 0.9192933603185387, 0.6582593245206824]]
Average_ADE:[0.2841379575376157, 0.5246514251919207, 0.6215605566772594, 1.2124299323946486]
FDEs:[[0.4974982706705729, 0.9756270345052084, 1.0376415337456597, 4.1601570638020835], [1.4965617761284427, 1.2344576807420946, 1.5646495332688712, 2.5263841221098264], [1.9605654894203415, 2.4251975351173543, 1.395545319167852, 1.9226009623933145], [2.1368512582087864, 2.3413708673007245, 2.0656876273777174, 1.3838057808254076]]
Average_FDE:[0.4974982706705729, 1.1050423576236514, 1.332612128727461, 2.4982369822826582]