ADEs:[[0.2841379575376157, 0.48592429832175926, 0.540629566333912, 0.9967869285300925], [0.6791574356440553, 0.5633785520620821, 0.6712705561812875, 1.1450057511263176], [0.8773889432195353, 1.0816241405879563, 0.5903598602714557, 0.8197341564426268], [0.9523320147380737, 1.0690032221844807, 0.8357666015625, 0.6507232223731884]]
Average_ADE:[0.2841379575376157, 0.5246514251919207, 0.6007533275955518, 0.9030625146180563]
FDEs:[[0.4974982706705729, 0.9756270345052084, 1.02621826171875, 1.9912421332465278], [1.4965617761284427, 1.2344576807420946, 1.475359478599966, 2.435373212236484], [1.9605654894203415, 2.4251975351173543, 1.3476833381490043, 1.7870739520359176], [2.1368512582087864, 2.3413708673007245, 1.9123444930366849, 1.3820737092391304]]
Average_FDE:[0.4974982706705729, 1.1050423576236514, 1.2830870261559066, 1.898940751689515]