ADEs:[[0.29244145146122685]]
Average_ADE:[0.29244145146122685]
FDEs:[[0.5279503377278646]]
Average_FDE:[0.5279503377278646]