ADEs:[[0.32425236454716433, 0.5030437102141204, 0.6074338559751158, 0.7218112973813657], [0.8275744591550493, 0.6051635949719483, 0.8171933219639012, 0.9568559269806188], [1.1145500866820768, 1.2024439529990516, 0.6458709326102419, 0.778897729966809], [0.9573407306763285, 1.2054377311669686, 1.0212341013737922, 0.6835885015662742]]
Average_ADE:[0.32425236454716433, 0.5541036525930343, 0.690166036849753, 0.7852883639737669]
FDEs:[[0.5660473971896701, 1.033285183376736, 1.164717068142361, 1.5410506184895834], [1.7553493443981638, 1.3059492944576674, 1.7744278426236824, 2.1421622309057295], [2.38196985019559, 2.6969088949146514, 1.443593305476529, 1.7417239453680655], [2.06707958276721, 2.6403606912364133, 2.227879267153533, 1.4264061084692028]]
Average_FDE:[0.5660473971896701, 1.1696172389172017, 1.4609127387475243, 1.7128357258081452]