Training:['ETH', 'UCY', 'inD', 'INTERACTION']
ADEs:[0.5372139937789352, 0.6397652641710586, 0.6554018862612613, 0.6973470052083334]
ADE:0.6324320373548972
FDEs:[1.0855748833550347, 1.431241997566729, 1.4503119999110954, 1.47898046521173]
FDE:1.361527336511147