Training:['ETH', 'UCY', 'inD', 'INTERACTION']
ADEs:[0.976412669994213, 1.1449653515669274, 0.8200110575213371, 0.6507948133680556]
ADE:0.8980459731126332
FDEs:[1.9471012369791667, 2.4348334630546584, 1.7869875477862731, 1.3817441193953803]
FDE:1.8876665918038695