Training:['ETH', 'UCY', 'inD', 'INTERACTION']
ADEs:[0.31621932418258103, 0.828433973616542, 1.1738400715682789, 1.0251226600241545]
ADE:0.835904007347889
FDEs:[0.5708180745442708, 1.7300556783407004, 2.4171708303698436, 2.1827657948369565]
FDE:1.7252025945229428