Training:['ETH', 'UCY', 'inD', 'INTERACTION']
ADEs:[1.3343608940972222, 1.11528340788989, 0.824007971787577, 0.6367083121037138]
ADE:0.9775901464696009
FDEs:[2.8284540473090276, 2.403344884286807, 1.799447818501067, 1.3430526069972826]
FDE:2.093574839273546