Training:['ETH']
ADEs:[0.30706938566984954]
ADE:0.30706938566984954
FDEs:[0.5611962890625]
FDE:0.5611962890625