Training:['ETH']
ADEs:[0.31034618236400463]
ADE:0.31034618236400463
FDEs:[0.5524214341905382]
FDE:0.5524214341905382