Training:['ETH', 'UCY', 'inD', 'INTERACTION']
ADEs:[0.3350567626953125, 0.8302953971509124, 1.180062196242295, 1.0130009010794083]
ADE:0.839603814291982
FDEs:[0.6102080620659722, 1.734344285266491, 2.4281094416785205, 2.1538981119791667]
FDE:1.7316399752475378