Training:['ETH', 'UCY', 'inD', 'INTERACTION']
ADEs:[0.29467841254340277, 0.8098918487192565, 1.1965073420459933, 0.9930397512832125]
ADE:0.8235293386479663
FDEs:[0.529154052734375, 1.685209677033747, 2.44259729507468, 2.1029533939085145]
FDE:1.6899786046878291