Training:['ETH', 'UCY', 'inD', 'INTERACTION']
ADEs:[0.32109580711082175, 0.8269032177086875, 1.1120652004800853, 0.9591603449577295]
ADE:0.8048061425643309
FDEs:[0.5632729763454861, 1.7542019415696193, 2.37455575435633, 2.0704842830049817]
FDE:1.6906287388191044