Training:['ETH', 'UCY', 'inD']
ADEs:[0.5885380949797454, 0.8174042298006631, 0.6767417911332385]
ADE:0.6942280386378824
FDEs:[1.2000657823350696, 1.78913389100221, 1.493499538806899]
FDE:1.494233070714726