Training:['ETH', 'UCY', 'inD', 'INTERACTION']
ADEs:[0.3506566930700232, 0.9045166375347105, 1.1870920571064485, 1.068870655004529]
ADE:0.8777840106789279
FDEs:[0.6260845269097223, 1.8874479343760626, 2.449954436344239, 2.3001417077105977]
FDE:1.8159071513351552