Training:['ETH', 'UCY', 'inD', 'INTERACTION']
ADEs:[0.4947383626302083, 0.6213383610308285, 0.673512050290422, 0.7485095627641908]
ADE:0.6345245841789124
FDEs:[1.0065909830729167, 1.3716668703247195, 1.536719861308677, 1.6258467079936594]
FDE:1.3852061056749931