Training:['ETH', 'UCY', 'inD', 'INTERACTION']
ADEs:[0.40658058449074075, 0.6262978773518078, 0.7009715153064249, 0.7237198539402174]
ADE:0.6143924577722977
FDEs:[0.8361145697699652, 1.3753583662285362, 1.545691178431721, 1.5524037236752717]
FDE:1.3273919595263735