Training:['ETH', 'UCY', 'inD', 'INTERACTION']
ADEs:[0.4847145815248843, 0.6349425529333843, 0.6648667633505215, 0.6953267710220411]
ADE:0.6199626672077078
FDEs:[1.017128702799479, 1.4327038528561713, 1.4853735108463726, 1.47999072973279]
FDE:1.353799199058703