Training:['ETH', 'UCY', 'inD', 'INTERACTION']
ADEs:[0.3139212601273148, 0.8285945203587215, 1.1683004756401139, 1.0202814811669687]
ADE:0.8327744343232797
FDEs:[0.5657023451063368, 1.7312852638345801, 2.407824446568279, 2.1748646611752718]
FDE:1.719919179171117