Training:['ETH', 'UCY', 'inD', 'INTERACTION']
ADEs:[0.5220502387152778, 0.6477671993652953, 0.6488877652323376, 0.7273126721958031]
ADE:0.6365044688771784
FDEs:[1.119990980360243, 1.4555783600922305, 1.4224580203147226, 1.5905818331068842]
FDE:1.39715229846852